11 0.000000 0.000000 0.000000
23 0.000000 0.000000 0.000000
23 0.000000 0.000000 0.000000
28 0.000000 0.000000 0.000000
33 0.000000 0.000000 0.000000
38 0.000000 0.000000 0.000000
43 0.000000 0.000000 0.000000
53 0.000000 0.000000 0.000000
73 0.000000 0.000000 0.000000
123 0.000000 10.000000 0.000000
203 10.000000 0.000000 20.000000
203 0.000000 0.000000 30.000000
243 10.000000 0.000000 60.000000
303 20.000000 0.000000 80.000000
503 110.000000 10.000000 410.000000
703 430.000000 10.000000 1640.000000
1003 2010.000000 20.000000 6630.000000
1403 5150.000000 50.000000 14950.000000
2003 10360.000000 40.000000 31150.000000
2503 19500.000000 24610.000000 68630.000000
